1.265153385330297624e+03
1.265153385330297624e+03
1.265153385330297624e+03
1.265153385330297624e+03
1.339801103285829868e+03
1.428991574518744983e+03
1.518461539033456802e+03
1.499885967468511126e+03
1.545783822728022187e+03
1.617059130369048717e+03
1.688409143696256706e+03
1.766793296090080730e+03
1.789781453458959049e+03
1.813135585027751404e+03
2.060098111204792076e+03
2.030438453302334210e+03
1.999917085644523695e+03
1.969556275123621390e+03
2.048908434639002280e+03
2.097497968997684438e+03
2.146587319697024213e+03
2.181606466050861854e+03
2.252419030584976554e+03
2.248704810522736352e+03
2.247124186462216130e+03
2.233075519677594912e+03
2.219474986916802209e+03
2.114523350670385753e+03
2.148860005536572316e+03
2.157187535362628296e+03
2.097635034187285783e+03
2.069458958592505496e+03
2.041603277995341614e+03
2.014083212958304102e+03
1.991068591841757325e+03
1.968388187639229045e+03
1.946034699438213465e+03
1.812351912098989033e+03
1.828027729986375334e+03
1.844022031804109702e+03
1.863603993242918705e+03
1.862635605688362830e+03
1.883974343319754098e+03
1.788533623350499965e+03
1.693570528351579924e+03
1.496775706965973541e+03
1.373581882359892461e+03
1.397798420694727156e+03
1.309099579018749409e+03
1.220800663045797364e+03
1.242017869771723781e+03
1.222312545039510951e+03
1.248311843856085034e+03
