7.008054053736165088e+02
7.008054053736165088e+02
7.008054053736165088e+02
7.008054053736165088e+02
7.073635597787141478e+02
7.297161678119343833e+02
7.710281523709244311e+02
7.656430442781404508e+02
8.019535150224544395e+02
8.287360509152341592e+02
8.722302679820526237e+02
9.036567018635613522e+02
9.136898399961327186e+02
9.374742349511559496e+02
1.087225157723265966e+03
1.075072991111563852e+03
1.068104985607748404e+03
1.079309176501245247e+03
1.093265221045730641e+03
1.104408539693681405e+03
1.139756792223917046e+03
1.107403587802816446e+03
1.208396149907963490e+03
1.221885319188866106e+03
1.251863885816991342e+03
1.269148861385076316e+03
1.324104157167329504e+03
1.284546544896568093e+03
1.407998645383444455e+03
1.414767264804995648e+03
1.349187722108083335e+03
1.285083601678348941e+03
1.232140415266702348e+03
1.191848402593050423e+03
1.117216681417370637e+03
1.057154020294318343e+03
1.014252480301846390e+03
9.503054832007575214e+02
9.009050894507130351e+02
8.812029687571432532e+02
8.748279658461040071e+02
8.697403288063077298e+02
8.558897227442477060e+02
7.933464194233384887e+02
7.457762388262002560e+02
6.722967240293611439e+02
6.393920350487928772e+02
6.637730260622283822e+02
6.350422058480319265e+02
6.207747007726710535e+02
6.450605405034041269e+02
6.425212989968237025e+02
6.594815008033494905e+02
